[0.9673,0.2140,0.1028],
[0.9666,0.2198,0.0919],
[0.9663,0.2283,0.0816],
[0.9665,0.2392,0.0720],
[0.9671,0.2520,0.0631],
[0.9680,0.2663,0.0546],
[0.9693,0.2819,0.0469],
[0.9708,0.2983,0.0396],
[0.9725,0.3153,0.0329],
[0.9743,0.3327,0.0274],
[0.9763,0.3504,0.0228],
[0.9784,0.3681,0.0188],
[0.9804,0.3858,0.0154],
[0.9825,0.4034,0.0124],
[0.9846,0.4208,0.0096],
[0.9867,0.4381,0.0073],
[0.9887,0.4552,0.0052],
[0.9906,0.4721,0.0032],
[0.9925,0.4888,0.0014],
[0.9943,0.5053,0.0000],
[0.9960,0.5216,0.0000],
[0.9976,0.5377,0.0000],
[0.9991,0.5536,0.0000],
[1.0000,0.5693,0.0000],
[1.0000,0.5849,0.0000],
[1.0000,0.6004,0.0000],
[1.0000,0.6156,0.0000],
[1.0000,0.6308,0.0000],
[1.0000,0.6457,0.0000],
[1.0000,0.6605,0.0000],
[1.0000,0.6750,0.0000],
[1.0000,0.6894,0.0000],
[1.0000,0.7034,0.0000],
[1.0000,0.7170,0.0000],
[1.0000,0.7302,0.0000],
[1.0000,0.7429,0.0000],
[0.9970,0.7550,0.0000],
[0.9931,0.7664,0.0000],
[0.9883,0.7769,0.0000],
[0.9826,0.7865,0.0000],
[0.9757,0.7951,0.0000],
[0.9678,0.8025,0.0000],
[0.9589,0.8088,0.0000],
[0.9488,0.8137,0.0000],
[0.9376,0.8174,0.0000],
[0.9254,0.8198,0.0000],
[0.9123,0.8210,0.0000],
[0.8983,0.8209,0.0000],
[0.8834,0.8197,0.0000],
[0.8679,0.8175,0.0000],
[0.8518,0.8143,0.0000],
[0.8352,0.8103,0.0000],
[0.8181,0.8055,0.0000],
[0.8007,0.8001,0.0000],
[0.7831,0.7942,0.0000],
[0.7652,0.7879,0.0000],
[0.7471,0.7812,0.0000],
[0.7289,0.7743,0.0000],
[0.7107,0.7671,0.0000],
[0.6923,0.7598,0.0000],
[0.6739,0.7524,0.0000],
[0.6554,0.7449,0.0000],
[0.6368,0.7373,0.0000],
[0.6182,0.7297,0.0000],
[0.5995,0.7220,0.0000],
[0.5808,0.7143,0.0001],
[0.5620,0.7066,0.0014],
[0.5431,0.6989,0.0027],
[0.5241,0.6912,0.0043],
[0.5051,0.6835,0.0060],
[0.4860,0.6759,0.0081],
[0.4669,0.6684,0.0105],
[0.4477,0.6609,0.0136],
[0.4285,0.6536,0.0172],
[0.4093,0.6465,0.0217],
[0.3902,0.6396,0.0271],
[0.3712,0.6330,0.0339],
[0.3524,0.6268,0.0423],
[0.3339,0.6211,0.0513],
[0.3158,0.6159,0.0610],
[0.2982,0.6113,0.0715],
[0.2811,0.6075,0.0825],
[0.2649,0.6044,0.0941],
[0.2495,0.6023,0.1065],
[0.2351,0.6010,0.1194],
[0.2218,0.6008,0.1329],
[0.2099,0.6015,0.1471],
[0.1993,0.6032,0.1620],
[0.1903,0.6059,0.1774],
[0.1829,0.6096,0.1934],
[0.1771,0.6141,0.2099],
[0.1729,0.6195,0.2269],
[0.1701,0.6257,0.2444],
[0.1688,0.6325,0.2623],
[0.1686,0.6399,0.2805],
[0.1694,0.6478,0.2991],
[0.1710,0.6561,0.3179],
[0.1732,0.6647,0.3369],
[0.1758,0.6737,0.3561],
[0.1786,0.6829,0.3754],
[0.1815,0.6922,0.3948],
[0.1843,0.7017,0.4143],
[0.1870,0.7114,0.4339],
[0.1895,0.7211,0.4535],
[0.1918,0.7308,0.4732],
[0.1937,0.7407,0.4929],
[0.1952,0.7506,0.5127],
[0.1964,0.7605,0.5326],
[0.1972,0.7704,0.5525],
[0.1975,0.7804,0.5724],
[0.1974,0.7903,0.5924],
[0.1968,0.8002,0.6123],
[0.1957,0.8101,0.6324],
[0.1942,0.8199,0.6524],
[0.1922,0.8296,0.6724],
[0.1897,0.8391,0.6924],
[0.1868,0.8485,0.7124],
[0.1835,0.8575,0.7322],
[0.1798,0.8662,0.7519],
[0.1758,0.8745,0.7713],
[0.1715,0.8821,0.7905],
[0.1672,0.8892,0.8092],
[0.1628,0.8954,0.8274],
[0.1587,0.9007,0.8450],
[0.1548,0.9051,0.8620],
[0.1514,0.9083,0.8780],
[0.1488,0.9103,0.8932],
[0.1470,0.9111,0.9073],
[0.1461,0.9106,0.9204],
[0.1463,0.9087,0.9323],
[0.1474,0.9056,0.9431],
[0.1494,0.9012,0.9527],
[0.1522,0.8957,0.9612],
[0.1557,0.8890,0.9686],
[0.1595,0.8813,0.9749],
[0.1637,0.8727,0.9804],
[0.1679,0.8634,0.9849],
[0.1721,0.8533,0.9888],
[0.1760,0.8428,0.9920],
[0.1798,0.8317,0.9947],
[0.1831,0.8203,0.9969],
[0.1860,0.8087,0.9988],
[0.1885,0.7968,1.0000],
[0.1904,0.7848,1.0000],
[0.1918,0.7726,1.0000],
[0.1927,0.7604,1.0000],
[0.1931,0.7481,1.0000],
[0.1929,0.7358,1.0000],
[0.1921,0.7235,1.0000],
[0.1909,0.7111,1.0000],
[0.1891,0.6988,1.0000],
[0.1868,0.6865,1.0000],
[0.1840,0.6743,1.0000],
[0.1808,0.6621,1.0000],
[0.1772,0.6499,1.0000],
[0.1733,0.6379,1.0000],
[0.1693,0.6260,1.0000],
[0.1652,0.6142,1.0000],
[0.1615,0.6026,1.0000],
[0.1581,0.5912,1.0000],
[0.1557,0.5802,1.0000],
[0.1545,0.5696,1.0000],
[0.1550,0.5594,1.0000],
[0.1576,0.5498,1.0000],
[0.1625,0.5408,1.0000],
[0.1701,0.5326,1.0000],
[0.1801,0.5252,1.0000],
[0.1927,0.5187,1.0000],
[0.2075,0.5133,1.0000],
[0.2241,0.5090,1.0000],
[0.2424,0.5057,1.0000],
[0.2620,0.5036,1.0000],
[0.2826,0.5027,1.0000],
[0.3038,0.5029,1.0000],
[0.3255,0.5043,1.0000],
[0.3475,0.5067,1.0000],
[0.3696,0.5100,1.0000],
[0.3917,0.5143,1.0000],
[0.4136,0.5193,1.0000],
[0.4353,0.5251,1.0000],
[0.4566,0.5315,1.0000],
[0.4776,0.5384,1.0000],
[0.4982,0.5457,1.0000],
[0.5184,0.5534,1.0000],
[0.5383,0.5613,1.0000],
[0.5577,0.5695,1.0000],
[0.5767,0.5779,1.0000],
[0.5954,0.5865,1.0000],
[0.6137,0.5951,1.0000],
[0.6317,0.6039,1.0000],
[0.6494,0.6127,1.0000],
[0.6669,0.6216,1.0000],
[0.6840,0.6306,1.0000],
[0.7010,0.6395,1.0000],
[0.7177,0.6484,1.0000],
[0.7342,0.6574,1.0000],
[0.7505,0.6663,1.0000],
[0.7667,0.6751,1.0000],
[0.7827,0.6838,1.0000],
[0.7986,0.6923,1.0000],
[0.8143,0.7006,1.0000],
[0.8299,0.7086,1.0000],
[0.8453,0.7162,1.0000],
[0.8605,0.7233,1.0000],
[0.8755,0.7298,1.0000],
[0.8902,0.7355,0.9997],
[0.9046,0.7405,0.9939],
[0.9186,0.7444,0.9870],
[0.9320,0.7473,0.9789],
[0.9450,0.7490,0.9696],
[0.9573,0.7495,0.9591],
[0.9689,0.7487,0.9472],
[0.9796,0.7465,0.9340],
[0.9896,0.7430,0.9196],
[0.9987,0.7382,0.9040],
[1.0000,0.7321,0.8873],
[1.0000,0.7247,0.8697],
[1.0000,0.7163,0.8511],
[1.0000,0.7068,0.8319],
[1.0000,0.6965,0.8120],
[1.0000,0.6853,0.7916],
[1.0000,0.6734,0.7709],
[1.0000,0.6610,0.7498],
[1.0000,0.6481,0.7286],
[1.0000,0.6347,0.7071],
[1.0000,0.6211,0.6857],
[1.0000,0.6071,0.6641],
[1.0000,0.5930,0.6426],
[1.0000,0.5786,0.6212],
[1.0000,0.5641,0.5997],
[1.0000,0.5494,0.5784],
[1.0000,0.5346,0.5571],
[1.0000,0.5196,0.5359],
[1.0000,0.5045,0.5147],
[1.0000,0.4893,0.4937],
[1.0000,0.4739,0.4728],
[1.0000,0.4584,0.4520],
[1.0000,0.4427,0.4313],
[1.0000,0.4269,0.4107],
[1.0000,0.4109,0.3903],
[1.0000,0.3947,0.3700],
[1.0000,0.3784,0.3499],
[1.0000,0.3621,0.3300],
[1.0000,0.3457,0.3104],
[1.0000,0.3293,0.2911],
[0.9987,0.3131,0.2721],
[0.9949,0.2971,0.2536],
[0.9911,0.2816,0.2355],
[0.9873,0.2668,0.2179],
[0.9837,0.2530,0.2010],
[0.9804,0.2405,0.1847],
[0.9773,0.2297,0.1692],
[0.9745,0.2210,0.1543],
[0.9720,0.2148,0.1403],
[0.9700,0.2115,0.1270],
[0.9684,0.2112,0.1145]